









1101111















101101010000100000





111
10110100101
1101001

10110101000011110


11010000
101101001000101
1101000111001111


1101101
10110110
011001

11010001110010
10110100100011
1011010100001001
101101001000100
101101010000111111
101101010000101
1011010100001110
11010001110011100
11010001110011101
110100011100110
101101001001
101101010001



1011011100

1011011111
0110000101
11010001100
1011010111
0110000011
110100011101
011000000
011000011
0110001
10110101001
1101000111000
10110100110
1011011101
0110000100
11010001101
101101011000
1011010100001100
101101011001
1011011110
110100010
1011010100000
1011010010000
101101000

11010001111
1011010100001101
101101010000100011

101101010000111110



1000
1101100
100111
10111
001
011011
101100
0000
0100
0110000010
0110101
10010
110001
0101
0111
1101110
10110101101
11001
0001
1010
110101
0110100
110000
1011010101
100110
10110100111
101101010000100001

101101010000100010


